camera_matrix:
  rows: 3
  cols: 3
  data: [506.73737097, 0.0, 316.26249958,
         0.0, 506.68959373, 235.44052887,
         0.0, 0.0, 1.0]

dist_coeffs:
  rows: 1
  cols: 5
  data: [0.146345454, 0.04371783, 0.00114179444, 0.00140841683, -1.19683513]
